#Milena A-Scan result file               Version 2.0
199 1.502029e-014 0.000000 66576614.379883
0.
0.000335
0.000386
0.000426
0.000451
0.000453
0.000423
0.000353
0.000234
0.000057
-0.000184
-0.000495
-0.000877
-0.001326
-0.001835
-0.002388
-0.002963
-0.003529
-0.004047
-0.004469
-0.004740
-0.004801
-0.004588
-0.004036
-0.003087
-0.001688
0.000194
0.002577
0.005449
0.008766
0.012448
0.016373
0.020374
0.024242
0.027729
0.030548
0.032393
0.032940
0.031875
0.028904
0.023782
0.016332
0.006471
-0.005768
-0.020215
-0.036548
-0.054284
-0.072776
-0.091220
-0.108675
-0.124091
-0.136349
-0.144307
-0.146867
-0.143033
-0.131984
-0.113144
-0.086247
-0.051394
-0.009101
0.039677
0.093533
0.150628
0.208734
0.265296
0.317532
0.362546
0.397463
0.419581
0.426520
0.416382
0.387887
0.340500
0.274525
0.191163
0.092531
-0.018371
-0.137732
-0.261062
-0.383356
-0.499310
-0.603548
-0.690890
-0.756604
-0.796667
-0.807993
-0.788628
-0.737903
-0.656517
-0.546568
-0.411503
-0.256008
-0.085824
0.092491
0.271845
0.444934
0.604583
0.744077
0.857486
0.939950
0.987915
0.999304
0.973626
0.911992
0.817065
0.692929
0.544888
0.379214
0.202836
0.023023
-0.152967
-0.318210
-0.466433
-0.592277
-0.691519
-0.761221
-0.799827
-0.807173
-0.784438
-0.734034
-0.659436
-0.564969
-0.455570
-0.336526
-0.213214
-0.090849
0.025740
0.132307
0.225343
0.302183
0.361063
0.401133
0.422424
0.425770
0.412707
0.385337
0.346183
0.298031
0.243782
0.186303
0.128301
0.072214
0.020127
-0.026285
-0.065790
-0.097605
-0.121377
-0.137155
-0.145330
-0.146584
-0.141811
-0.132057
-0.118443
-0.102108
-0.084151
-0.065584
-0.047298
-0.030036
-0.014384
-0.000761
0.010571
0.019497
0.026031
0.030296
0.032498
0.032903
0.031815
0.029556
0.026443
0.022777
0.018830
0.014836
0.010988
0.007435
0.004282
0.001596
-0.000593
-0.002285
-0.003504
-0.004293
-0.004707
-0.004807
-0.004657
-0.004320
-0.003855
-0.003314
-0.002740
-0.002170
-0.001632
-0.001145
-0.000721
-0.000366
-0.000083
0.000133
0.000287
0.000386
0.000439
0.000456
0.000444
0.000412
