#Milena A-Scan result file               Version 2.0
382 1.567900e-014 0.000000 63779579.162598
0.
0.000335
0.000362
0.000388
0.000410
0.000429
0.000444
0.000453
0.000456
0.000451
0.000436
0.000412
0.000376
0.000327
0.000264
0.000186
0.000092
-0.000020
-0.000150
-0.000298
-0.000466
-0.000654
-0.000860
-0.001085
-0.001328
-0.001587
-0.001861
-0.002146
-0.002441
-0.002740
-0.003041
-0.003339
-0.003627
-0.003900
-0.004151
-0.004373
-0.004558
-0.004699
-0.004785
-0.004808
-0.004760
-0.004631
-0.004412
-0.004093
-0.003668
-0.003127
-0.002465
-0.001674
-0.000752
0.000307
0.001502
0.002833
0.004297
0.005888
0.007599
0.009419
0.011334
0.013327
0.015376
0.017460
0.019552
0.021620
0.023633
0.025554
0.027344
0.028963
0.030367
0.031513
0.032353
0.032843
0.032937
0.032590
0.031760
0.030405
0.028490
0.025981
0.022852
0.019083
0.014659
0.009576
0.003836
-0.002546
-0.009547
-0.017133
-0.025256
-0.033858
-0.042869
-0.052206
-0.061774
-0.071465
-0.081163
-0.090739
-0.100054
-0.108962
-0.117312
-0.124943
-0.131696
-0.137406
-0.141912
-0.145056
-0.146684
-0.146654
-0.144831
-0.141096
-0.135348
-0.127504
-0.117503
-0.105307
-0.090908
-0.074323
-0.055602
-0.034826
-0.012108
0.012405
0.038532
0.066060
0.094742
0.124300
0.154429
0.184796
0.215043
0.244793
0.273651
0.301213
0.327066
0.350795
0.371988
0.390244
0.405177
0.416421
0.423640
0.426529
0.424823
0.418303
0.406797
0.390192
0.368428
0.341513
0.309515
0.272572
0.230890
0.184742
0.134468
0.080477
0.023237
-0.036721
-0.098813
-0.162406
-0.226822
-0.291350
-0.355252
-0.417769
-0.478134
-0.535580
-0.589351
-0.638711
-0.682956
-0.721420
-0.753491
-0.778616
-0.796311
-0.806167
-0.807864
-0.801167
-0.785943
-0.762153
-0.729866
-0.689250
-0.640582
-0.584239
-0.520697
-0.450530
-0.374401
-0.293055
-0.207313
-0.118062
-0.026244
0.067157
0.161123
0.254617
0.346596
0.436023
0.521884
0.603193
0.679016
0.748473
0.810754
0.865133
0.910970
0.947727
0.974969
0.992375
0.999738
0.996973
0.984110
0.961303
0.928821
0.887048
0.836476
0.777699
0.711406
0.638370
0.559440
0.475527
0.387596
0.296648
0.203713
0.109833
0.016048
-0.076614
-0.167151
-0.254600
-0.338048
-0.416645
-0.489607
-0.556235
-0.615914
-0.668121
-0.712434
-0.748532
-0.776196
-0.795313
-0.805873
-0.807966
-0.801781
-0.787601
-0.765796
-0.736816
-0.701182
-0.659484
-0.612362
-0.560505
-0.504636
-0.445502
-0.383868
-0.320500
-0.256164
-0.191606
-0.127554
-0.064699
-0.003696
0.054848
0.110377
0.162394
0.210462
0.254211
0.293336
0.327601
0.356838
0.380946
0.399891
0.413703
0.422469
0.426338
0.425506
0.420218
0.410763
0.397461
0.380668
0.360760
0.338133
0.313194
0.286357
0.258036
0.228641
0.198573
0.168215
0.137935
0.108078
0.078961
0.050877
0.024085
-0.001185
-0.024739
-0.046413
-0.066080
-0.083643
-0.099039
-0.112236
-0.123231
-0.132049
-0.138740
-0.143378
-0.146055
-0.146884
-0.145992
-0.143518
-0.139612
-0.134429
-0.128129
-0.120877
-0.112834
-0.104160
-0.095011
-0.085536
-0.075877
-0.066168
-0.056530
-0.047076
-0.037906
-0.029108
-0.020759
-0.012923
-0.005651
0.001016
0.007050
0.012432
0.017155
0.021221
0.024638
0.027425
0.029607
0.031212
0.032276
0.032837
0.032938
0.032622
0.031935
0.030922
0.029630
0.028103
0.026386
0.024519
0.022543
0.020496
0.018411
0.016320
0.014252
0.012231
0.010278
0.008413
0.006651
0.005004
0.003481
0.002090
0.000833
-0.000288
-0.001272
-0.002122
-0.002842
-0.003437
-0.003914
-0.004280
-0.004543
-0.004712
-0.004796
-0.004804
-0.004745
-0.004628
-0.004462
-0.004256
-0.004017
-0.003753
-0.003471
-0.003177
-0.002877
-0.002576
-0.002279
-0.001989
-0.001710
-0.001444
-0.001194
-0.000960
-0.000745
-0.000549
-0.000372
-0.000215
-0.000077
0.000043
0.000145
0.000231
0.000300
0.000355
0.000397
0.000427
0.000445
0.000454
0.000455
0.000449
0.000437
0.000419
0.000398
0.000374
