#Milena A-Scan result file               Version 2.0
399 1.502029e-014 0.000000 66576611.000000
0.
0.000335
0.000361
0.000386
0.000408
0.000426
0.000441
0.000451
0.000456
0.000453
0.000443
0.000423
0.000394
0.000353
0.000300
0.000234
0.000153
0.000057
-0.000055
-0.000184
-0.000331
-0.000495
-0.000677
-0.000877
-0.001093
-0.001326
-0.001574
-0.001835
-0.002107
-0.002388
-0.002675
-0.002963
-0.003249
-0.003529
-0.003797
-0.004047
-0.004273
-0.004469
-0.004627
-0.004740
-0.004801
-0.004801
-0.004733
-0.004588
-0.004358
-0.004036
-0.003614
-0.003087
-0.002446
-0.001688
-0.000809
0.000194
0.001323
0.002577
0.003953
0.005449
0.007056
0.008766
0.010568
0.012448
0.014389
0.016373
0.018376
0.020374
0.022339
0.024242
0.026050
0.027729
0.029241
0.030548
0.031612
0.032393
0.032849
0.032940
0.032628
0.031875
0.030645
0.028904
0.026625
0.023782
0.020356
0.016332
0.011704
0.006471
0.000642
-0.005768
-0.012732
-0.020215
-0.028172
-0.036549
-0.045278
-0.054284
-0.063482
-0.072776
-0.082060
-0.091220
-0.100134
-0.108675
-0.116707
-0.124091
-0.130686
-0.136349
-0.140936
-0.144307
-0.146327
-0.146867
-0.145805
-0.143033
-0.138453
-0.131984
-0.123562
-0.113144
-0.100705
-0.086247
-0.069793
-0.051394
-0.031128
-0.009100
0.014555
0.039677
0.066075
0.093533
0.121806
0.150628
0.179708
0.208734
0.237378
0.265296
0.292135
0.317532
0.341124
0.362546
0.381442
0.397464
0.410280
0.419581
0.425080
0.426520
0.423682
0.416382
0.404481
0.387887
0.366556
0.340500
0.309782
0.274525
0.234906
0.191163
0.143588
0.092530
0.038393
-0.018371
-0.077261
-0.137732
-0.199204
-0.261062
-0.322666
-0.383357
-0.442463
-0.499310
-0.553225
-0.603549
-0.649641
-0.690890
-0.726722
-0.756604
-0.780060
-0.796667
-0.806073
-0.807993
-0.802220
-0.788628
-0.767174
-0.737902
-0.700943
-0.656516
-0.604927
-0.546567
-0.481909
-0.411503
-0.335972
-0.256007
-0.172357
-0.085823
0.002753
0.092492
0.182494
0.271845
0.359629
0.444935
0.526874
0.604584
0.677243
0.744078
0.804375
0.857487
0.902842
0.939951
0.968411
0.987915
0.998250
0.999304
0.991066
0.973626
0.947172
0.911991
0.868465
0.817064
0.758341
0.692928
0.621523
0.544888
0.463833
0.379213
0.291912
0.202835
0.112900
0.023022
-0.065895
-0.152968
-0.237343
-0.318211
-0.394809
-0.466434
-0.532446
-0.592278
-0.645439
-0.691519
-0.730193
-0.761222
-0.784454
-0.799828
-0.807364
-0.807173
-0.799442
-0.784438
-0.762500
-0.734034
-0.699506
-0.659436
-0.614389
-0.564969
-0.511811
-0.455570
-0.396916
-0.336525
-0.275070
-0.213213
-0.151599
-0.090848
-0.031551
0.025740
0.080515
0.132307
0.180704
0.225344
0.265920
0.302184
0.333943
0.361063
0.383468
0.401134
0.414092
0.422424
0.426259
0.425770
0.421170
0.412707
0.400661
0.385337
0.367063
0.346182
0.323051
0.298031
0.271487
0.243782
0.215272
0.186303
0.157207
0.128301
0.099879
0.072214
0.045556
0.020127
-0.003876
-0.026286
-0.046961
-0.065791
-0.082691
-0.097605
-0.110502
-0.121377
-0.130248
-0.137155
-0.142156
-0.145331
-0.146771
-0.146584
-0.144888
-0.141811
-0.137488
-0.132056
-0.125660
-0.118442
-0.110545
-0.102108
-0.093266
-0.084151
-0.074885
-0.065584
-0.056356
-0.047298
-0.038499
-0.030036
-0.021979
-0.014384
-0.007299
-0.000761
0.005202
0.010571
0.015336
0.019497
0.023057
0.026031
0.028436
0.030296
0.031639
0.032498
0.032906
0.032903
0.032526
0.031815
0.030812
0.029556
0.028087
0.026443
0.024662
0.022777
0.020823
0.018830
0.016826
0.014836
0.012883
0.010988
0.009167
0.007435
0.005803
0.004282
0.002878
0.001596
0.000439
-0.000593
-0.001500
-0.002285
-0.002951
-0.003504
-0.003950
-0.004293
-0.004543
-0.004707
-0.004792
-0.004807
-0.004759
-0.004657
-0.004508
-0.004320
-0.004100
-0.003855
-0.003591
-0.003313
-0.003028
-0.002740
-0.002453
-0.002170
-0.001896
-0.001632
-0.001381
-0.001145
-0.000924
-0.000721
-0.000535
-0.000366
-0.000216
-0.000083
0.000033
0.000133
0.000217
0.000287
0.000343
0.000386
0.000418
0.000439
0.000452
0.000456
0.000453
0.000444
0.000430
0.000412
0.000391
0.000367
