#Milena A-Scan result file               Version 2.0
403 1.502029e-014 0.000000 66576610.704587
0.
0.000000
0.075593
0.151081
0.226019
0.299956
0.372439
0.443011
0.511221
0.576620
0.638769
0.697240
0.751619
0.801511
0.846540
0.886357
0.920639
0.949092
0.971457
0.987511
0.997068
0.999986
0.996162
0.985542
0.968117
0.943927
0.913060
0.875655
0.831901
0.782038
0.726354
0.665187
0.598923
0.527994
0.452874
0.374081
0.292170
0.207729
0.121379
0.033769
-0.054432
-0.142537
-0.229847
-0.315655
-0.399255
-0.479946
-0.557035
-0.629851
-0.697743
-0.760091
-0.816311
-0.865861
-0.908246
-0.943024
-0.969815
-0.988299
-0.998224
-0.999413
-0.991763
-0.975247
-0.949921
-0.915924
-0.873474
-0.822874
-0.764508
-0.698840
-0.626411
-0.547836
-0.463800
-0.375052
-0.282401
-0.186706
-0.088872
0.010160
0.109421
0.207924
0.304672
0.398670
0.488936
0.574509
0.654460
0.727907
0.794018
0.852029
0.901246
0.941061
0.970958
0.990519
0.999432
0.997499
0.984637
0.960885
0.926403
0.881477
0.826513
0.762041
0.688706
0.607266
0.518585
0.423628
0.323443
0.219162
0.111978
0.003141
-0.106062
-0.214320
-0.320313
-0.422730
-0.520283
-0.611725
-0.695867
-0.771595
-0.837884
-0.893812
-0.938578
-0.971511
-0.992085
-0.999926
-0.994819
-0.976719
-0.945751
-0.902212
-0.846573
-0.779475
-0.701720
-0.614269
-0.518230
-0.414842
-0.305466
-0.191564
-0.074683
0.043567
0.161535
0.277548
0.389940
0.497074
0.597365
0.689305
0.771489
0.842635
0.901606
0.947431
0.979322
0.996688
0.999151
0.986552
0.958961
0.916679
0.860236
0.790390
0.708117
0.614600
0.511216
0.399516
0.281203
0.158109
0.032167
-0.094619
-0.220205
-0.342541
-0.459601
-0.569422
-0.670134
-0.759996
-0.837426
-0.901029
-0.949628
-0.982285
-0.998322
-0.997339
-0.979224
-0.944159
-0.892627
-0.825402
-0.743546
-0.648392
-0.541527
-0.424766
-0.300126
-0.169788
-0.036065
0.098638
0.231871
0.361181
0.484156
0.598472
0.701940
0.792547
0.868497
0.928250
0.970556
0.994483
0.999442
0.985200
0.951895
0.900040
0.830513
0.744552
0.643735
0.529952
0.405374
0.272414
0.133682
-0.008065
-0.149976
-0.289165
-0.422765
-0.547996
-0.662213
-0.762974
-0.848087
-0.915665
-0.964167
-0.992438
-0.999742
-0.985779
-0.950704
-0.895129
-0.820114
-0.727156
-0.618159
-0.495401
-0.361488
-0.219303
-0.071943
0.077342
0.225226
0.368376
0.503530
0.627570
0.737598
0.831007
0.905542
0.959361
0.991080
0.999818
0.985222
0.947483
0.887341
0.806076
0.705483
0.587841
0.455861
0.312630
0.161540
0.006211
-0.149596
-0.302069
-0.447435
-0.582059
-0.702534
-0.805772
-0.889081
-0.950244
-0.987582
-0.999999
-0.987025
-0.948833
-0.886247
-0.800728
-0.694344
-0.569728
-0.430017
-0.278774
-0.119904
0.042450
0.204007
0.360465
0.507615
0.641454
0.758300
0.854892
0.928485
0.976938
0.998773
0.993232
0.960304
0.900737
0.816030
0.708396
0.580714
0.436458
0.279602
0.114518
-0.054143
-0.221586
-0.383000
-0.533704
-0.669278
-0.785703
-0.879474
-0.947719
-0.988288
-0.999825
-0.981822
-0.934643
-0.859527
-0.758562
-0.634633
-0.491344
-0.332921
-0.164091
0.010057
0.184223
0.353057
0.511322
0.654060
0.776748
0.875449
0.946939
0.988818
0.999603
0.978777
0.926828
0.845239
0.736458
0.603828
0.451495
0.284279
0.107529
-0.073045
-0.251557
-0.422133
-0.579110
-0.717222
-0.831781
-0.918844
-0.975350
-0.999240
-0.989531
-0.946373
-0.871048
-0.765948
-0.634505
-0.481083
-0.310844
-0.129576
0.056499
0.240936
0.417290
0.579344
0.721328
0.838128
0.925478
0.980123
0.999944
0.984049
0.932823
0.847926
0.732251
0.589832
0.425714
0.245775
0.056526
-0.135122
-0.322113
-0.497501
-0.654712
-0.787793
-0.891644
-0.962220
-0.996693
-0.993578
-0.952801
-0.875723
-0.765102
-0.625005
-0.460666
-0.278297
-0.084864
0.112182
0.305187
0.486590
0.649221
0.786591
0.893153
0.964535
0.997728
0.991220
0.945074
0.860947
0.742037
0.592976
0.419655
0.228999
0.028698
-0.173099
-0.368118
-0.548294
-0.706112
-0.834923
-0.929230
-0.984933
-0.999514
-0.972162
-0.903829
-0.797204
-0.656624
-0.487905
-0.298108
0.000000
0.000000
0.000000
0.000000
