#Milena A-Scan result file               Version 2.0
137 1.502029e-014 0.000000 66576610.704587
0.
0.000000
0.075923
0.152389
0.228918
0.305001
0.380100
0.453655
0.525083
0.593785
0.659151
0.720565
0.777409
0.829072
0.874959
0.914490
0.947119
0.972332
0.989663
0.998698
0.999084
0.990539
0.972861
0.945932
0.909728
0.864327
0.809911
0.746773
0.675322
0.596082
0.509697
0.416925
0.318641
0.215826
0.109568
0.001047
-0.108473
-0.217657
-0.325113
-0.429412
-0.529105
-0.622741
-0.708893
-0.786183
-0.853299
-0.909027
-0.952274
-0.982090
-0.997695
-0.998503
-0.984137
-0.954454
-0.909556
-0.849803
-0.775821
-0.688507
-0.589023
-0.478791
-0.359482
-0.232996
-0.101433
0.032927
0.167670
0.300285
0.428208
0.548876
0.659777
0.758505
0.842821
0.910703
0.960405
0.990510
0.999971
0.988162
0.954902
0.900491
0.825717
0.731865
0.620708
0.494486
0.355874
0.207934
0.054058
-0.102109
-0.256743
-0.405939
-0.545809
-0.672583
-0.782722
-0.873015
-0.940693
-0.983517
-0.999864
-0.988804
-0.950155
-0.884516
-0.793284
-0.678648
-0.543554
-0.391644
-0.227177
-0.054918
0.119989
0.292170
0.456186
0.606702
0.738673
0.847515
0.929282
0.980822
0.999915
0.985389
0.937193
0.856451
0.745459
0.607651
0.447513
0.270463
0.082679
-0.109102
-0.297817
-0.476336
-0.637734
-0.775569
-0.884149
-0.958791
-0.996039
-0.993847
-0.951717
-0.870770
-0.753755
-0.604992
-0.430244
-0.236516
0.000000
0.000000
0.000000
0.000000
