#Milena A-Scan result file               Version 2.0
875 1.502029e-014 0.000000 66576610.704587
0.
0.000000
0.094235
0.187632
0.279358
0.368599
0.454558
0.536472
0.613612
0.685290
0.750869
0.809766
0.861455
0.905477
0.941441
0.969025
0.987986
0.998153
0.999436
0.991825
0.975385
0.950266
0.916688
0.874952
0.825429
0.768559
0.704850
0.634867
0.559233
0.478623
0.393752
0.305377
0.214285
0.121285
0.027206
-0.067116
-0.160840
-0.253133
-0.343172
-0.430158
-0.513315
-0.591903
-0.665224
-0.732624
-0.793503
-0.847320
-0.893596
-0.931919
-0.961948
-0.983415
-0.996130
-0.999980
-0.994929
-0.981023
-0.958387
-0.927220
-0.887801
-0.840481
-0.785680
-0.723887
-0.655651
-0.581580
-0.502332
-0.418614
-0.331170
-0.240779
-0.148245
-0.054391
0.000000
0.094235
0.187632
0.279358
0.368599
0.454558
0.536472
0.613612
0.685290
0.750869
0.809766
0.861455
0.905477
0.941441
0.969025
0.987986
0.998153
0.999436
0.991825
0.975385
0.950266
0.916688
0.874952
0.825429
0.768559
0.704850
0.634867
0.559233
0.478623
0.393752
0.305377
0.214285
0.121285
0.027206
-0.067116
-0.160840
-0.253133
-0.343172
-0.430158
-0.513315
-0.591903
-0.665224
-0.732624
-0.793503
-0.847320
-0.893596
-0.931919
-0.961948
-0.983415
-0.996130
-0.999980
-0.994929
-0.981023
-0.958387
-0.927220
-0.887801
-0.840481
-0.785680
-0.723887
-0.655651
-0.581580
-0.502332
-0.418614
-0.331170
-0.240779
-0.148245
-0.054391
0.000000
0.094235
0.187632
0.279358
0.368599
0.454558
0.536472
0.613612
0.685290
0.750869
0.809766
0.861455
0.905477
0.941441
0.969025
0.987986
0.998153
0.999436
0.991825
0.975385
0.950266
0.916688
0.874952
0.825429
0.768559
0.704850
0.634867
0.559233
0.478623
0.393752
0.305377
0.214285
0.121285
0.027206
-0.067116
-0.160840
-0.253133
-0.343172
-0.430158
-0.513315
-0.591903
-0.665224
-0.732624
-0.793503
-0.847320
-0.893596
-0.931919
-0.961948
-0.983415
-0.996130
-0.999980
-0.994929
-0.981023
-0.958387
-0.927220
-0.887801
-0.840481
-0.785680
-0.723887
-0.655651
-0.581580
-0.502332
-0.418614
-0.331170
-0.240779
-0.148245
-0.054391
0.000000
0.094235
0.187632
0.279358
0.368599
0.454558
0.536472
0.613612
0.685290
0.750869
0.809766
0.861455
0.905477
0.941441
0.969025
0.987986
0.998153
0.999436
0.991825
0.975385
0.950266
0.916688
0.874952
0.825429
0.768559
0.704850
0.634867
0.559233
0.478623
0.393752
0.305377
0.214285
0.121285
0.027206
-0.067116
-0.160840
-0.253133
-0.343172
-0.430158
-0.513315
-0.591903
-0.665224
-0.732624
-0.793503
-0.847320
-0.893596
-0.931919
-0.961948
-0.983415
-0.996130
-0.999980
-0.994929
-0.981023
-0.958387
-0.927220
-0.887801
-0.840481
-0.785680
-0.723887
-0.655651
-0.581580
-0.502332
-0.418614
-0.331170
-0.240779
-0.148245
-0.054391
0.000000
0.094235
0.187632
0.279358
0.368599
0.454558
0.536472
0.613612
0.685290
0.750869
0.809766
0.861455
0.905477
0.941441
0.969025
0.987986
0.998153
0.999436
0.991825
0.975385
0.950266
0.916688
0.874952
0.825429
0.768559
0.704850
0.634867
0.559233
0.478623
0.393752
0.305377
0.214285
0.121285
0.027206
-0.067116
-0.160840
-0.253133
-0.343172
-0.430158
-0.513315
-0.591903
-0.665224
-0.732624
-0.793503
-0.847320
-0.893596
-0.931919
-0.961948
-0.983415
-0.996130
-0.999980
-0.994929
-0.981023
-0.958387
-0.927220
-0.887801
-0.840481
-0.785680
-0.723887
-0.655651
-0.581580
-0.502332
-0.418614
-0.331170
-0.240779
-0.148245
-0.054391
-0.000000
-0.094235
-0.187632
-0.279358
-0.368599
-0.454558
-0.536472
-0.613612
-0.685290
-0.750869
-0.809766
-0.861455
-0.905477
-0.941441
-0.969025
-0.987986
-0.998153
-0.999436
-0.991825
-0.975385
-0.950266
-0.916688
-0.874952
-0.825429
-0.768559
-0.704850
-0.634867
-0.559233
-0.478623
-0.393752
-0.305377
-0.214285
-0.121285
-0.027206
0.067116
0.160840
0.253133
0.343172
0.430158
0.513315
0.591903
0.665224
0.732624
0.793503
0.847320
0.893596
0.931919
0.961948
0.983415
0.996130
0.999980
0.994929
0.981023
0.958387
0.927220
0.887801
0.840481
0.785680
0.723887
0.655651
0.581580
0.502332
0.418614
0.331170
0.240779
0.148245
0.054391
-0.000000
-0.094235
-0.187632
-0.279358
-0.368599
-0.454558
-0.536472
-0.613612
-0.685290
-0.750869
-0.809766
-0.861455
-0.905477
-0.941441
-0.969025
-0.987986
-0.998153
-0.999436
-0.991825
-0.975385
-0.950266
-0.916688
-0.874952
-0.825429
-0.768559
-0.704850
-0.634867
-0.559233
-0.478623
-0.393752
-0.305377
-0.214285
-0.121285
-0.027206
0.067116
0.160840
0.253133
0.343172
0.430158
0.513315
0.591903
0.665224
0.732624
0.793503
0.847320
0.893596
0.931919
0.961948
0.983415
0.996130
0.999980
0.994929
0.981023
0.958387
0.927220
0.887801
0.840481
0.785680
0.723887
0.655651
0.581580
0.502332
0.418614
0.331170
0.240779
0.148245
0.054391
0.000000
0.094235
0.187632
0.279358
0.368599
0.454558
0.536472
0.613612
0.685290
0.750869
0.809766
0.861455
0.905477
0.941441
0.969025
0.987986
0.998153
0.999436
0.991825
0.975385
0.950266
0.916688
0.874952
0.825429
0.768559
0.704850
0.634867
0.559233
0.478623
0.393752
0.305377
0.214285
0.121285
0.027206
-0.067116
-0.160840
-0.253133
-0.343172
-0.430158
-0.513315
-0.591903
-0.665224
-0.732624
-0.793503
-0.847320
-0.893596
-0.931919
-0.961948
-0.983415
-0.996130
-0.999980
-0.994929
-0.981023
-0.958387
-0.927220
-0.887801
-0.840481
-0.785680
-0.723887
-0.655651
-0.581580
-0.502332
-0.418614
-0.331170
-0.240779
-0.148245
-0.054391
0.000000
0.094235
0.187632
0.279358
0.368599
0.454558
0.536472
0.613612
0.685290
0.750869
0.809766
0.861455
0.905477
0.941441
0.969025
0.987986
0.998153
0.999436
0.991825
0.975385
0.950266
0.916688
0.874952
0.825429
0.768559
0.704850
0.634867
0.559233
0.478623
0.393752
0.305377
0.214285
0.121285
0.027206
-0.067116
-0.160840
-0.253133
-0.343172
-0.430158
-0.513315
-0.591903
-0.665224
-0.732624
-0.793503
-0.847320
-0.893596
-0.931919
-0.961948
-0.983415
-0.996130
-0.999980
-0.994929
-0.981023
-0.958387
-0.927220
-0.887801
-0.840481
-0.785680
-0.723887
-0.655651
-0.581580
-0.502332
-0.418614
-0.331170
-0.240779
-0.148245
-0.054391
-0.000000
-0.094235
-0.187632
-0.279358
-0.368599
-0.454558
-0.536472
-0.613612
-0.685290
-0.750869
-0.809766
-0.861455
-0.905477
-0.941441
-0.969025
-0.987986
-0.998153
-0.999436
-0.991825
-0.975385
-0.950266
-0.916688
-0.874952
-0.825429
-0.768559
-0.704850
-0.634867
-0.559233
-0.478623
-0.393752
-0.305377
-0.214285
-0.121285
-0.027206
0.067116
0.160840
0.253133
0.343172
0.430158
0.513315
0.591903
0.665224
0.732624
0.793503
0.847320
0.893596
0.931919
0.961948
0.983415
0.996130
0.999980
0.994929
0.981023
0.958387
0.927220
0.887801
0.840481
0.785680
0.723887
0.655651
0.581580
0.502332
0.418614
0.331170
0.240779
0.148245
0.054391
0.000000
0.094235
0.187632
0.279358
0.368599
0.454558
0.536472
0.613612
0.685290
0.750869
0.809766
0.861455
0.905477
0.941441
0.969025
0.987986
0.998153
0.999436
0.991825
0.975385
0.950266
0.916688
0.874952
0.825429
0.768559
0.704850
0.634867
0.559233
0.478623
0.393752
0.305377
0.214285
0.121285
0.027206
-0.067116
-0.160840
-0.253133
-0.343172
-0.430158
-0.513315
-0.591903
-0.665224
-0.732624
-0.793503
-0.847320
-0.893596
-0.931919
-0.961948
-0.983415
-0.996130
-0.999980
-0.994929
-0.981023
-0.958387
-0.927220
-0.887801
-0.840481
-0.785680
-0.723887
-0.655651
-0.581580
-0.502332
-0.418614
-0.331170
-0.240779
-0.148245
-0.054391
-0.000000
-0.094235
-0.187632
-0.279358
-0.368599
-0.454558
-0.536472
-0.613612
-0.685290
-0.750869
-0.809766
-0.861455
-0.905477
-0.941441
-0.969025
-0.987986
-0.998153
-0.999436
-0.991825
-0.975385
-0.950266
-0.916688
-0.874952
-0.825429
-0.768559
-0.704850
-0.634867
-0.559233
-0.478623
-0.393752
-0.305377
-0.214285
-0.121285
-0.027206
0.067116
0.160840
0.253133
0.343172
0.430158
0.513315
0.591903
0.665224
0.732624
0.793503
0.847320
0.893596
0.931919
0.961948
0.983415
0.996130
0.999980
0.994929
0.981023
0.958387
0.927220
0.887801
0.840481
0.785680
0.723887
0.655651
0.581580
0.502332
0.418614
0.331170
0.240779
0.148245
0.054391
0.000000
0.094235
0.187632
0.279358
0.368599
0.454558
0.536472
0.613612
0.685290
0.750869
0.809766
0.861455
0.905477
0.941441
0.969025
0.987986
0.998153
0.999436
0.991825
0.975385
0.950266
0.916688
0.874952
0.825429
0.768559
0.704850
0.634867
0.559233
0.478623
0.393752
0.305377
0.214285
0.121285
0.027206
-0.067116
-0.160840
-0.253133
-0.343172
-0.430158
-0.513315
-0.591903
-0.665224
-0.732624
-0.793503
-0.847320
-0.893596
-0.931919
-0.961948
-0.983415
-0.996130
-0.999980
-0.994929
-0.981023
-0.958387
-0.927220
-0.887801
-0.840481
-0.785680
-0.723887
-0.655651
-0.581580
-0.502332
-0.418614
-0.331170
-0.240779
-0.148245
-0.054391
0.000000
0.000000
0.000000
0.000000
