#Milena A-Scan result file               Version 2.0
1733 1.502029e-014 0.000000 66576610.704587
0.
0.000000
0.187632
0.368599
0.536472
0.685290
0.809766
0.905477
0.969025
0.998153
0.991825
0.950266
0.874952
0.768559
0.634867
0.478623
0.305377
0.121285
-0.067116
-0.253133
-0.430158
-0.591903
-0.732624
-0.847320
-0.931919
-0.983415
-0.999980
-0.981023
-0.927220
-0.840481
-0.723887
-0.581580
-0.418614
-0.240779
-0.054391
0.133929
0.317492
0.489777
0.644665
0.776653
0.881054
0.954159
0.993371
0.997297
0.965798
0.899993
0.802220
0.675950
0.525670
0.356718
0.175095
-0.012748
-0.200138
-0.380419
-0.547187
-0.694519
-0.817180
-0.910814
-0.972095
-0.998846
-0.990117
-0.946218
-0.868708
-0.760341
-0.624965
-0.467390
-0.293213
-0.108621
0.079830
0.265445
0.441631
0.602130
0.741241
0.854022
0.936467
0.985648
0.999817
0.978472
0.922370
0.833505
0.715033
0.571162
0.407003
0.228386
0.041657
-0.146552
-0.329555
-0.500852
-0.654358
-0.784620
-0.887012
-0.957897
-0.994755
-0.996279
-0.962414
-0.894363
-0.794544
-0.666501
-0.514783
-0.344780
-0.162529
0.025494
0.212612
0.392178
0.557813
0.703634
0.824461
0.916003
0.975007
0.999377
0.988249
0.942017
0.862323
0.751999
0.614963
0.456082
0.281002
0.095939
-0.092531
-0.277714
-0.453033
-0.612259
-0.749738
-0.860584
-0.940862
-0.987720
-0.999492
-0.975762
-0.917371
-0.826394
-0.706063
-0.560651
-0.395325
-0.215956
0.000000
0.187632
0.368599
0.536472
0.685290
0.809766
0.905477
0.969025
0.998153
0.991825
0.950266
0.874952
0.768559
0.634867
0.478623
0.305377
0.121285
-0.067116
-0.253133
-0.430158
-0.591903
-0.732624
-0.847320
-0.931919
-0.983415
-0.999980
-0.981023
-0.927220
-0.840481
-0.723887
-0.581580
-0.418614
-0.240779
-0.054391
0.133929
0.317492
0.489777
0.644665
0.776653
0.881054
0.954159
0.993371
0.997297
0.965798
0.899993
0.802220
0.675950
0.525670
0.356718
0.175095
-0.012748
-0.200138
-0.380419
-0.547187
-0.694519
-0.817180
-0.910814
-0.972095
-0.998846
-0.990117
-0.946218
-0.868708
-0.760341
-0.624965
-0.467390
-0.293213
-0.108621
0.079830
0.265445
0.441631
0.602130
0.741241
0.854022
0.936467
0.985648
0.999817
0.978472
0.922370
0.833505
0.715033
0.571162
0.407003
0.228386
0.041657
-0.146552
-0.329555
-0.500852
-0.654358
-0.784620
-0.887012
-0.957897
-0.994755
-0.996279
-0.962414
-0.894363
-0.794544
-0.666501
-0.514783
-0.344780
-0.162529
0.025494
0.212612
0.392178
0.557813
0.703634
0.824461
0.916003
0.975007
0.999377
0.988249
0.942017
0.862323
0.751999
0.614963
0.456082
0.281002
0.095939
-0.092531
-0.277714
-0.453033
-0.612259
-0.749738
-0.860584
-0.940862
-0.987720
-0.999492
-0.975762
-0.917371
-0.826394
-0.706063
-0.560651
-0.395325
-0.215956
0.000000
0.187632
0.368599
0.536472
0.685290
0.809766
0.905477
0.969025
0.998153
0.991825
0.950266
0.874952
0.768559
0.634867
0.478623
0.305377
0.121285
-0.067116
-0.253133
-0.430158
-0.591903
-0.732624
-0.847320
-0.931919
-0.983415
-0.999980
-0.981023
-0.927220
-0.840481
-0.723887
-0.581580
-0.418614
-0.240779
-0.054391
0.133929
0.317492
0.489777
0.644665
0.776653
0.881054
0.954159
0.993371
0.997297
0.965798
0.899993
0.802220
0.675950
0.525670
0.356718
0.175095
-0.012748
-0.200138
-0.380419
-0.547187
-0.694519
-0.817180
-0.910814
-0.972095
-0.998846
-0.990117
-0.946218
-0.868708
-0.760341
-0.624965
-0.467390
-0.293213
-0.108621
0.079830
0.265445
0.441631
0.602130
0.741241
0.854022
0.936467
0.985648
0.999817
0.978472
0.922370
0.833505
0.715033
0.571162
0.407003
0.228386
0.041657
-0.146552
-0.329555
-0.500852
-0.654358
-0.784620
-0.887012
-0.957897
-0.994755
-0.996279
-0.962414
-0.894363
-0.794544
-0.666501
-0.514783
-0.344780
-0.162529
0.025494
0.212612
0.392178
0.557813
0.703634
0.824461
0.916003
0.975007
0.999377
0.988249
0.942017
0.862323
0.751999
0.614963
0.456082
0.281002
0.095939
-0.092531
-0.277714
-0.453033
-0.612259
-0.749738
-0.860584
-0.940862
-0.987720
-0.999492
-0.975762
-0.917371
-0.826394
-0.706063
-0.560651
-0.395325
-0.215956
0.000000
0.187632
0.368599
0.536472
0.685290
0.809766
0.905477
0.969025
0.998153
0.991825
0.950266
0.874952
0.768559
0.634867
0.478623
0.305377
0.121285
-0.067116
-0.253133
-0.430158
-0.591903
-0.732624
-0.847320
-0.931919
-0.983415
-0.999980
-0.981023
-0.927220
-0.840481
-0.723887
-0.581580
-0.418614
-0.240779
-0.054391
0.133929
0.317492
0.489777
0.644665
0.776653
0.881054
0.954159
0.993371
0.997297
0.965798
0.899993
0.802220
0.675950
0.525670
0.356718
0.175095
-0.012748
-0.200138
-0.380419
-0.547187
-0.694519
-0.817180
-0.910814
-0.972095
-0.998846
-0.990117
-0.946218
-0.868708
-0.760341
-0.624965
-0.467390
-0.293213
-0.108621
0.079830
0.265445
0.441631
0.602130
0.741241
0.854022
0.936467
0.985648
0.999817
0.978472
0.922370
0.833505
0.715033
0.571162
0.407003
0.228386
0.041657
-0.146552
-0.329555
-0.500852
-0.654358
-0.784620
-0.887012
-0.957897
-0.994755
-0.996279
-0.962414
-0.894363
-0.794544
-0.666501
-0.514783
-0.344780
-0.162529
0.025494
0.212612
0.392178
0.557813
0.703634
0.824461
0.916003
0.975007
0.999377
0.988249
0.942017
0.862323
0.751999
0.614963
0.456082
0.281002
0.095939
-0.092531
-0.277714
-0.453033
-0.612259
-0.749738
-0.860584
-0.940862
-0.987720
-0.999492
-0.975762
-0.917371
-0.826394
-0.706063
-0.560651
-0.395325
-0.215956
0.000000
0.187632
0.368599
0.536472
0.685290
0.809766
0.905477
0.969025
0.998153
0.991825
0.950266
0.874952
0.768559
0.634867
0.478623
0.305377
0.121285
-0.067116
-0.253133
-0.430158
-0.591903
-0.732624
-0.847320
-0.931919
-0.983415
-0.999980
-0.981023
-0.927220
-0.840481
-0.723887
-0.581580
-0.418614
-0.240779
-0.054391
0.133929
0.317492
0.489777
0.644665
0.776653
0.881054
0.954159
0.993371
0.997297
0.965798
0.899993
0.802220
0.675950
0.525670
0.356718
0.175095
-0.012748
-0.200138
-0.380419
-0.547187
-0.694519
-0.817180
-0.910814
-0.972095
-0.998846
-0.990117
-0.946218
-0.868708
-0.760341
-0.624965
-0.467390
-0.293213
-0.108621
0.079830
0.265445
0.441631
0.602130
0.741241
0.854022
0.936467
0.985648
0.999817
0.978472
0.922370
0.833505
0.715033
0.571162
0.407003
0.228386
0.041657
-0.146552
-0.329555
-0.500852
-0.654358
-0.784620
-0.887012
-0.957897
-0.994755
-0.996279
-0.962414
-0.894363
-0.794544
-0.666501
-0.514783
-0.344780
-0.162529
0.025494
0.212612
0.392178
0.557813
0.703634
0.824461
0.916003
0.975007
0.999377
0.988249
0.942017
0.862323
0.751999
0.614963
0.456082
0.281002
0.095939
-0.092531
-0.277714
-0.453033
-0.612259
-0.749738
-0.860584
-0.940862
-0.987720
-0.999492
-0.975762
-0.917371
-0.826394
-0.706063
-0.560651
-0.395325
-0.215956
-0.000000
-0.187632
-0.368599
-0.536472
-0.685290
-0.809766
-0.905477
-0.969025
-0.998153
-0.991825
-0.950266
-0.874952
-0.768559
-0.634867
-0.478623
-0.305377
-0.121285
0.067116
0.253133
0.430158
0.591903
0.732624
0.847320
0.931919
0.983415
0.999980
0.981023
0.927220
0.840481
0.723887
0.581580
0.418614
0.240779
0.054391
-0.133929
-0.317492
-0.489777
-0.644665
-0.776653
-0.881054
-0.954159
-0.993371
-0.997297
-0.965798
-0.899993
-0.802220
-0.675950
-0.525670
-0.356718
-0.175095
0.012748
0.200138
0.380419
0.547187
0.694519
0.817180
0.910814
0.972095
0.998846
0.990117
0.946218
0.868708
0.760341
0.624965
0.467390
0.293213
0.108621
-0.079830
-0.265445
-0.441631
-0.602130
-0.741241
-0.854022
-0.936467
-0.985648
-0.999817
-0.978472
-0.922370
-0.833505
-0.715033
-0.571162
-0.407003
-0.228386
-0.041657
0.146552
0.329555
0.500852
0.654358
0.784620
0.887012
0.957897
0.994755
0.996279
0.962414
0.894363
0.794544
0.666501
0.514783
0.344780
0.162529
-0.025494
-0.212612
-0.392178
-0.557813
-0.703634
-0.824461
-0.916003
-0.975007
-0.999377
-0.988249
-0.942017
-0.862323
-0.751999
-0.614963
-0.456082
-0.281002
-0.095939
0.092531
0.277714
0.453033
0.612259
0.749738
0.860584
0.940862
0.987720
0.999492
0.975762
0.917371
0.826394
0.706063
0.560651
0.395325
0.215956
-0.000000
-0.187632
-0.368599
-0.536472
-0.685290
-0.809766
-0.905477
-0.969025
-0.998153
-0.991825
-0.950266
-0.874952
-0.768559
-0.634867
-0.478623
-0.305377
-0.121285
0.067116
0.253133
0.430158
0.591903
0.732624
0.847320
0.931919
0.983415
0.999980
0.981023
0.927220
0.840481
0.723887
0.581580
0.418614
0.240779
0.054391
-0.133929
-0.317492
-0.489777
-0.644665
-0.776653
-0.881054
-0.954159
-0.993371
-0.997297
-0.965798
-0.899993
-0.802220
-0.675950
-0.525670
-0.356718
-0.175095
0.012748
0.200138
0.380419
0.547187
0.694519
0.817180
0.910814
0.972095
0.998846
0.990117
0.946218
0.868708
0.760341
0.624965
0.467390
0.293213
0.108621
-0.079830
-0.265445
-0.441631
-0.602130
-0.741241
-0.854022
-0.936467
-0.985648
-0.999817
-0.978472
-0.922370
-0.833505
-0.715033
-0.571162
-0.407003
-0.228386
-0.041657
0.146552
0.329555
0.500852
0.654358
0.784620
0.887012
0.957897
0.994755
0.996279
0.962414
0.894363
0.794544
0.666501
0.514783
0.344780
0.162529
-0.025494
-0.212612
-0.392178
-0.557813
-0.703634
-0.824461
-0.916003
-0.975007
-0.999377
-0.988249
-0.942017
-0.862323
-0.751999
-0.614963
-0.456082
-0.281002
-0.095939
0.092531
0.277714
0.453033
0.612259
0.749738
0.860584
0.940862
0.987720
0.999492
0.975762
0.917371
0.826394
0.706063
0.560651
0.395325
0.215956
0.000000
0.187632
0.368599
0.536472
0.685290
0.809766
0.905477
0.969025
0.998153
0.991825
0.950266
0.874952
0.768559
0.634867
0.478623
0.305377
0.121285
-0.067116
-0.253133
-0.430158
-0.591903
-0.732624
-0.847320
-0.931919
-0.983415
-0.999980
-0.981023
-0.927220
-0.840481
-0.723887
-0.581580
-0.418614
-0.240779
-0.054391
0.133929
0.317492
0.489777
0.644665
0.776653
0.881054
0.954159
0.993371
0.997297
0.965798
0.899993
0.802220
0.675950
0.525670
0.356718
0.175095
-0.012748
-0.200138
-0.380419
-0.547187
-0.694519
-0.817180
-0.910814
-0.972095
-0.998846
-0.990117
-0.946218
-0.868708
-0.760341
-0.624965
-0.467390
-0.293213
-0.108621
0.079830
0.265445
0.441631
0.602130
0.741241
0.854022
0.936467
0.985648
0.999817
0.978472
0.922370
0.833505
0.715033
0.571162
0.407003
0.228386
0.041657
-0.146552
-0.329555
-0.500852
-0.654358
-0.784620
-0.887012
-0.957897
-0.994755
-0.996279
-0.962414
-0.894363
-0.794544
-0.666501
-0.514783
-0.344780
-0.162529
0.025494
0.212612
0.392178
0.557813
0.703634
0.824461
0.916003
0.975007
0.999377
0.988249
0.942017
0.862323
0.751999
0.614963
0.456082
0.281002
0.095939
-0.092531
-0.277714
-0.453033
-0.612259
-0.749738
-0.860584
-0.940862
-0.987720
-0.999492
-0.975762
-0.917371
-0.826394
-0.706063
-0.560651
-0.395325
-0.215956
0.000000
0.187632
0.368599
0.536472
0.685290
0.809766
0.905477
0.969025
0.998153
0.991825
0.950266
0.874952
0.768559
0.634867
0.478623
0.305377
0.121285
-0.067116
-0.253133
-0.430158
-0.591903
-0.732624
-0.847320
-0.931919
-0.983415
-0.999980
-0.981023
-0.927220
-0.840481
-0.723887
-0.581580
-0.418614
-0.240779
-0.054391
0.133929
0.317492
0.489777
0.644665
0.776653
0.881054
0.954159
0.993371
0.997297
0.965798
0.899993
0.802220
0.675950
0.525670
0.356718
0.175095
-0.012748
-0.200138
-0.380419
-0.547187
-0.694519
-0.817180
-0.910814
-0.972095
-0.998846
-0.990117
-0.946218
-0.868708
-0.760341
-0.624965
-0.467390
-0.293213
-0.108621
0.079830
0.265445
0.441631
0.602130
0.741241
0.854022
0.936467
0.985648
0.999817
0.978472
0.922370
0.833505
0.715033
0.571162
0.407003
0.228386
0.041657
-0.146552
-0.329555
-0.500852
-0.654358
-0.784620
-0.887012
-0.957897
-0.994755
-0.996279
-0.962414
-0.894363
-0.794544
-0.666501
-0.514783
-0.344780
-0.162529
0.025494
0.212612
0.392178
0.557813
0.703634
0.824461
0.916003
0.975007
0.999377
0.988249
0.942017
0.862323
0.751999
0.614963
0.456082
0.281002
0.095939
-0.092531
-0.277714
-0.453033
-0.612259
-0.749738
-0.860584
-0.940862
-0.987720
-0.999492
-0.975762
-0.917371
-0.826394
-0.706063
-0.560651
-0.395325
-0.215956
-0.000000
-0.187632
-0.368599
-0.536472
-0.685290
-0.809766
-0.905477
-0.969025
-0.998153
-0.991825
-0.950266
-0.874952
-0.768559
-0.634867
-0.478623
-0.305377
-0.121285
0.067116
0.253133
0.430158
0.591903
0.732624
0.847320
0.931919
0.983415
0.999980
0.981023
0.927220
0.840481
0.723887
0.581580
0.418614
0.240779
0.054391
-0.133929
-0.317492
-0.489777
-0.644665
-0.776653
-0.881054
-0.954159
-0.993371
-0.997297
-0.965798
-0.899993
-0.802220
-0.675950
-0.525670
-0.356718
-0.175095
0.012748
0.200138
0.380419
0.547187
0.694519
0.817180
0.910814
0.972095
0.998846
0.990117
0.946218
0.868708
0.760341
0.624965
0.467390
0.293213
0.108621
-0.079830
-0.265445
-0.441631
-0.602130
-0.741241
-0.854022
-0.936467
-0.985648
-0.999817
-0.978472
-0.922370
-0.833505
-0.715033
-0.571162
-0.407003
-0.228386
-0.041657
0.146552
0.329555
0.500852
0.654358
0.784620
0.887012
0.957897
0.994755
0.996279
0.962414
0.894363
0.794544
0.666501
0.514783
0.344780
0.162529
-0.025494
-0.212612
-0.392178
-0.557813
-0.703634
-0.824461
-0.916003
-0.975007
-0.999377
-0.988249
-0.942017
-0.862323
-0.751999
-0.614963
-0.456082
-0.281002
-0.095939
0.092531
0.277714
0.453033
0.612259
0.749738
0.860584
0.940862
0.987720
0.999492
0.975762
0.917371
0.826394
0.706063
0.560651
0.395325
0.215956
0.000000
0.187632
0.368599
0.536472
0.685290
0.809766
0.905477
0.969025
0.998153
0.991825
0.950266
0.874952
0.768559
0.634867
0.478623
0.305377
0.121285
-0.067116
-0.253133
-0.430158
-0.591903
-0.732624
-0.847320
-0.931919
-0.983415
-0.999980
-0.981023
-0.927220
-0.840481
-0.723887
-0.581580
-0.418614
-0.240779
-0.054391
0.133929
0.317492
0.489777
0.644665
0.776653
0.881054
0.954159
0.993371
0.997297
0.965798
0.899993
0.802220
0.675950
0.525670
0.356718
0.175095
-0.012748
-0.200138
-0.380419
-0.547187
-0.694519
-0.817180
-0.910814
-0.972095
-0.998846
-0.990117
-0.946218
-0.868708
-0.760341
-0.624965
-0.467390
-0.293213
-0.108621
0.079830
0.265445
0.441631
0.602130
0.741241
0.854022
0.936467
0.985648
0.999817
0.978472
0.922370
0.833505
0.715033
0.571162
0.407003
0.228386
0.041657
-0.146552
-0.329555
-0.500852
-0.654358
-0.784620
-0.887012
-0.957897
-0.994755
-0.996279
-0.962414
-0.894363
-0.794544
-0.666501
-0.514783
-0.344780
-0.162529
0.025494
0.212612
0.392178
0.557813
0.703634
0.824461
0.916003
0.975007
0.999377
0.988249
0.942017
0.862323
0.751999
0.614963
0.456082
0.281002
0.095939
-0.092531
-0.277714
-0.453033
-0.612259
-0.749738
-0.860584
-0.940862
-0.987720
-0.999492
-0.975762
-0.917371
-0.826394
-0.706063
-0.560651
-0.395325
-0.215956
-0.000000
-0.187632
-0.368599
-0.536472
-0.685290
-0.809766
-0.905477
-0.969025
-0.998153
-0.991825
-0.950266
-0.874952
-0.768559
-0.634867
-0.478623
-0.305377
-0.121285
0.067116
0.253133
0.430158
0.591903
0.732624
0.847320
0.931919
0.983415
0.999980
0.981023
0.927220
0.840481
0.723887
0.581580
0.418614
0.240779
0.054391
-0.133929
-0.317492
-0.489777
-0.644665
-0.776653
-0.881054
-0.954159
-0.993371
-0.997297
-0.965798
-0.899993
-0.802220
-0.675950
-0.525670
-0.356718
-0.175095
0.012748
0.200138
0.380419
0.547187
0.694519
0.817180
0.910814
0.972095
0.998846
0.990117
0.946218
0.868708
0.760341
0.624965
0.467390
0.293213
0.108621
-0.079830
-0.265445
-0.441631
-0.602130
-0.741241
-0.854022
-0.936467
-0.985648
-0.999817
-0.978472
-0.922370
-0.833505
-0.715033
-0.571162
-0.407003
-0.228386
-0.041657
0.146552
0.329555
0.500852
0.654358
0.784620
0.887012
0.957897
0.994755
0.996279
0.962414
0.894363
0.794544
0.666501
0.514783
0.344780
0.162529
-0.025494
-0.212612
-0.392178
-0.557813
-0.703634
-0.824461
-0.916003
-0.975007
-0.999377
-0.988249
-0.942017
-0.862323
-0.751999
-0.614963
-0.456082
-0.281002
-0.095939
0.092531
0.277714
0.453033
0.612259
0.749738
0.860584
0.940862
0.987720
0.999492
0.975762
0.917371
0.826394
0.706063
0.560651
0.395325
0.215956
0.000000
0.187632
0.368599
0.536472
0.685290
0.809766
0.905477
0.969025
0.998153
0.991825
0.950266
0.874952
0.768559
0.634867
0.478623
0.305377
0.121285
-0.067116
-0.253133
-0.430158
-0.591903
-0.732624
-0.847320
-0.931919
-0.983415
-0.999980
-0.981023
-0.927220
-0.840481
-0.723887
-0.581580
-0.418614
-0.240779
-0.054391
0.133929
0.317492
0.489777
0.644665
0.776653
0.881054
0.954159
0.993371
0.997297
0.965798
0.899993
0.802220
0.675950
0.525670
0.356718
0.175095
-0.012748
-0.200138
-0.380419
-0.547187
-0.694519
-0.817180
-0.910814
-0.972095
-0.998846
-0.990117
-0.946218
-0.868708
-0.760341
-0.624965
-0.467390
-0.293213
-0.108621
0.079830
0.265445
0.441631
0.602130
0.741241
0.854022
0.936467
0.985648
0.999817
0.978472
0.922370
0.833505
0.715033
0.571162
0.407003
0.228386
0.041657
-0.146552
-0.329555
-0.500852
-0.654358
-0.784620
-0.887012
-0.957897
-0.994755
-0.996279
-0.962414
-0.894363
-0.794544
-0.666501
-0.514783
-0.344780
-0.162529
0.025494
0.212612
0.392178
0.557813
0.703634
0.824461
0.916003
0.975007
0.999377
0.988249
0.942017
0.862323
0.751999
0.614963
0.456082
0.281002
0.095939
-0.092531
-0.277714
-0.453033
-0.612259
-0.749738
-0.860584
-0.940862
-0.987720
-0.999492
-0.975762
-0.917371
-0.826394
-0.706063
-0.560651
-0.395325
-0.215956
0.000000
0.000000
0.000000
0.000000
