#Milena A-Scan result file               Version 2.0
2132 1.502029e-014 0.000000 66576614.379883
0.
0.000000
0.187632
0.368599
0.536472
0.685290
0.809766
0.905477
0.969025
0.998153
0.991825
0.950266
0.874952
0.768559
0.634867
0.478623
0.305378
0.121285
-0.067116
-0.253132
-0.430158
-0.591903
-0.732623
-0.847320
-0.931919
-0.983415
-0.999980
-0.981024
-0.927220
-0.840481
-0.723887
-0.581580
-0.418615
-0.240779
-0.054391
0.133929
0.317491
0.489777
0.644664
0.776653
0.881054
0.954158
0.993371
0.997297
0.965799
0.899994
0.802220
0.675951
0.525671
0.356719
0.175095
-0.012748
-0.200138
-0.380419
-0.547187
-0.694518
-0.817180
-0.910814
-0.972095
-0.998846
-0.990117
-0.946218
-0.868708
-0.760341
-0.624966
-0.467391
-0.293214
-0.108622
0.079829
0.265444
0.441631
0.602130
0.741240
0.854021
0.936467
0.985648
0.999817
0.978472
0.922371
0.833506
0.715034
0.571163
0.407003
0.228387
0.041658
-0.146551
-0.329554
-0.500851
-0.654357
-0.784620
-0.887012
-0.957896
-0.994755
-0.996279
-0.962415
-0.894364
-0.794544
-0.666501
-0.514784
-0.344780
-0.162530
0.025493
0.212611
0.392177
0.557812
0.703633
0.824461
0.916002
0.975006
0.999377
0.988249
0.942017
0.862324
0.752000
0.614964
0.456083
0.281003
0.095940
-0.092530
-0.277713
-0.453032
-0.612258
-0.749737
-0.860584
-0.940862
-0.987719
-0.999492
-0.975762
-0.917371
-0.826395
-0.706064
-0.560652
-0.395326
-0.215958
0.000000
0.187632
0.368599
0.536472
0.685290
0.809766
0.905477
0.969025
0.998153
0.991825
0.950266
0.874952
0.768559
0.634867
0.478623
0.305378
0.121285
-0.067116
-0.253132
-0.430158
-0.591903
-0.732623
-0.847320
-0.931919
-0.983415
-0.999980
-0.981024
-0.927220
-0.840481
-0.723887
-0.581580
-0.418615
-0.240779
-0.054391
0.133929
0.317491
0.489777
0.644664
0.776653
0.881054
0.954158
0.993371
0.997297
0.965799
0.899994
0.802220
0.675951
0.525671
0.356719
0.175095
-0.012748
-0.200138
-0.380419
-0.547187
-0.694518
-0.817180
-0.910814
-0.972095
-0.998846
-0.990117
-0.946218
-0.868708
-0.760341
-0.624966
-0.467391
-0.293214
-0.108622
0.079829
0.265444
0.441631
0.602130
0.741240
0.854021
0.936467
0.985648
0.999817
0.978472
0.922371
0.833506
0.715034
0.571163
0.407003
0.228387
0.041658
-0.146551
-0.329554
-0.500851
-0.654357
-0.784620
-0.887012
-0.957896
-0.994755
-0.996279
-0.962415
-0.894364
-0.794544
-0.666501
-0.514784
-0.344780
-0.162530
0.025493
0.212611
0.392177
0.557812
0.703633
0.824461
0.916002
0.975006
0.999377
0.988249
0.942017
0.862324
0.752000
0.614964
0.456083
0.281003
0.095940
-0.092530
-0.277713
-0.453032
-0.612258
-0.749737
-0.860584
-0.940862
-0.987719
-0.999492
-0.975762
-0.917371
-0.826395
-0.706064
-0.560652
-0.395326
-0.215958
0.000000
0.187632
0.368599
0.536472
0.685290
0.809766
0.905477
0.969025
0.998153
0.991825
0.950266
0.874952
0.768559
0.634867
0.478623
0.305378
0.121285
-0.067116
-0.253132
-0.430158
-0.591903
-0.732623
-0.847320
-0.931919
-0.983415
-0.999980
-0.981024
-0.927220
-0.840481
-0.723887
-0.581580
-0.418615
-0.240779
-0.054391
0.133929
0.317491
0.489777
0.644664
0.776653
0.881054
0.954158
0.993371
0.997297
0.965799
0.899994
0.802220
0.675951
0.525671
0.356719
0.175095
-0.012748
-0.200138
-0.380419
-0.547187
-0.694518
-0.817180
-0.910814
-0.972095
-0.998846
-0.990117
-0.946218
-0.868708
-0.760341
-0.624966
-0.467391
-0.293214
-0.108622
0.079829
0.265444
0.441631
0.602130
0.741240
0.854021
0.936467
0.985648
0.999817
0.978472
0.922371
0.833506
0.715034
0.571163
0.407003
0.228387
0.041658
-0.146551
-0.329554
-0.500851
-0.654357
-0.784620
-0.887012
-0.957896
-0.994755
-0.996279
-0.962415
-0.894364
-0.794544
-0.666501
-0.514784
-0.344780
-0.162530
0.025493
0.212611
0.392177
0.557812
0.703633
0.824461
0.916002
0.975006
0.999377
0.988249
0.942017
0.862324
0.752000
0.614964
0.456083
0.281003
0.095940
-0.092530
-0.277713
-0.453032
-0.612258
-0.749737
-0.860584
-0.940862
-0.987719
-0.999492
-0.975762
-0.917371
-0.826395
-0.706064
-0.560652
-0.395326
-0.215958
-0.000000
-0.187632
-0.368599
-0.536472
-0.685290
-0.809766
-0.905477
-0.969025
-0.998153
-0.991825
-0.950266
-0.874952
-0.768559
-0.634867
-0.478623
-0.305378
-0.121285
0.067116
0.253132
0.430158
0.591903
0.732623
0.847320
0.931919
0.983415
0.999980
0.981024
0.927220
0.840481
0.723887
0.581580
0.418615
0.240779
0.054391
-0.133929
-0.317491
-0.489777
-0.644664
-0.776653
-0.881054
-0.954158
-0.993371
-0.997297
-0.965799
-0.899994
-0.802220
-0.675951
-0.525671
-0.356719
-0.175095
0.012748
0.200138
0.380419
0.547187
0.694518
0.817180
0.910814
0.972095
0.998846
0.990117
0.946218
0.868708
0.760341
0.624966
0.467391
0.293214
0.108622
-0.079829
-0.265444
-0.441631
-0.602130
-0.741240
-0.854021
-0.936467
-0.985648
-0.999817
-0.978472
-0.922371
-0.833506
-0.715034
-0.571163
-0.407003
-0.228387
-0.041658
0.146551
0.329554
0.500851
0.654357
0.784620
0.887012
0.957896
0.994755
0.996279
0.962415
0.894364
0.794544
0.666501
0.514784
0.344780
0.162530
-0.025493
-0.212611
-0.392177
-0.557812
-0.703633
-0.824461
-0.916002
-0.975006
-0.999377
-0.988249
-0.942017
-0.862324
-0.752000
-0.614964
-0.456083
-0.281003
-0.095940
0.092530
0.277713
0.453032
0.612258
0.749737
0.860584
0.940862
0.987719
0.999492
0.975762
0.917371
0.826395
0.706064
0.560652
0.395326
0.215958
0.000000
0.187632
0.368599
0.536472
0.685290
0.809766
0.905477
0.969025
0.998153
0.991825
0.950266
0.874952
0.768559
0.634867
0.478623
0.305378
0.121285
-0.067116
-0.253132
-0.430158
-0.591903
-0.732623
-0.847320
-0.931919
-0.983415
-0.999980
-0.981024
-0.927220
-0.840481
-0.723887
-0.581580
-0.418615
-0.240779
-0.054391
0.133929
0.317491
0.489777
0.644664
0.776653
0.881054
0.954158
0.993371
0.997297
0.965799
0.899994
0.802220
0.675951
0.525671
0.356719
0.175095
-0.012748
-0.200138
-0.380419
-0.547187
-0.694518
-0.817180
-0.910814
-0.972095
-0.998846
-0.990117
-0.946218
-0.868708
-0.760341
-0.624966
-0.467391
-0.293214
-0.108622
0.079829
0.265444
0.441631
0.602130
0.741240
0.854021
0.936467
0.985648
0.999817
0.978472
0.922371
0.833506
0.715034
0.571163
0.407003
0.228387
0.041658
-0.146551
-0.329554
-0.500851
-0.654357
-0.784620
-0.887012
-0.957896
-0.994755
-0.996279
-0.962415
-0.894364
-0.794544
-0.666501
-0.514784
-0.344780
-0.162530
0.025493
0.212611
0.392177
0.557812
0.703633
0.824461
0.916002
0.975006
0.999377
0.988249
0.942017
0.862324
0.752000
0.614964
0.456083
0.281003
0.095940
-0.092530
-0.277713
-0.453032
-0.612258
-0.749737
-0.860584
-0.940862
-0.987719
-0.999492
-0.975762
-0.917371
-0.826395
-0.706064
-0.560652
-0.395326
-0.215958
0.000000
0.187632
0.368599
0.536472
0.685290
0.809766
0.905477
0.969025
0.998153
0.991825
0.950266
0.874952
0.768559
0.634867
0.478623
0.305378
0.121285
-0.067116
-0.253132
-0.430158
-0.591903
-0.732623
-0.847320
-0.931919
-0.983415
-0.999980
-0.981024
-0.927220
-0.840481
-0.723887
-0.581580
-0.418615
-0.240779
-0.054391
0.133929
0.317491
0.489777
0.644664
0.776653
0.881054
0.954158
0.993371
0.997297
0.965799
0.899994
0.802220
0.675951
0.525671
0.356719
0.175095
-0.012748
-0.200138
-0.380419
-0.547187
-0.694518
-0.817180
-0.910814
-0.972095
-0.998846
-0.990117
-0.946218
-0.868708
-0.760341
-0.624966
-0.467391
-0.293214
-0.108622
0.079829
0.265444
0.441631
0.602130
0.741240
0.854021
0.936467
0.985648
0.999817
0.978472
0.922371
0.833506
0.715034
0.571163
0.407003
0.228387
0.041658
-0.146551
-0.329554
-0.500851
-0.654357
-0.784620
-0.887012
-0.957896
-0.994755
-0.996279
-0.962415
-0.894364
-0.794544
-0.666501
-0.514784
-0.344780
-0.162530
0.025493
0.212611
0.392177
0.557812
0.703633
0.824461
0.916002
0.975006
0.999377
0.988249
0.942017
0.862324
0.752000
0.614964
0.456083
0.281003
0.095940
-0.092530
-0.277713
-0.453032
-0.612258
-0.749737
-0.860584
-0.940862
-0.987719
-0.999492
-0.975762
-0.917371
-0.826395
-0.706064
-0.560652
-0.395326
-0.215958
-0.000000
-0.187632
-0.368599
-0.536472
-0.685290
-0.809766
-0.905477
-0.969025
-0.998153
-0.991825
-0.950266
-0.874952
-0.768559
-0.634867
-0.478623
-0.305378
-0.121285
0.067116
0.253132
0.430158
0.591903
0.732623
0.847320
0.931919
0.983415
0.999980
0.981024
0.927220
0.840481
0.723887
0.581580
0.418615
0.240779
0.054391
-0.133929
-0.317491
-0.489777
-0.644664
-0.776653
-0.881054
-0.954158
-0.993371
-0.997297
-0.965799
-0.899994
-0.802220
-0.675951
-0.525671
-0.356719
-0.175095
0.012748
0.200138
0.380419
0.547187
0.694518
0.817180
0.910814
0.972095
0.998846
0.990117
0.946218
0.868708
0.760341
0.624966
0.467391
0.293214
0.108622
-0.079829
-0.265444
-0.441631
-0.602130
-0.741240
-0.854021
-0.936467
-0.985648
-0.999817
-0.978472
-0.922371
-0.833506
-0.715034
-0.571163
-0.407003
-0.228387
-0.041658
0.146551
0.329554
0.500851
0.654357
0.784620
0.887012
0.957896
0.994755
0.996279
0.962415
0.894364
0.794544
0.666501
0.514784
0.344780
0.162530
-0.025493
-0.212611
-0.392177
-0.557812
-0.703633
-0.824461
-0.916002
-0.975006
-0.999377
-0.988249
-0.942017
-0.862324
-0.752000
-0.614964
-0.456083
-0.281003
-0.095940
0.092530
0.277713
0.453032
0.612258
0.749737
0.860584
0.940862
0.987719
0.999492
0.975762
0.917371
0.826395
0.706064
0.560652
0.395326
0.215958
0.000000
0.187632
0.368599
0.536472
0.685290
0.809766
0.905477
0.969025
0.998153
0.991825
0.950266
0.874952
0.768559
0.634867
0.478623
0.305378
0.121285
-0.067116
-0.253132
-0.430158
-0.591903
-0.732623
-0.847320
-0.931919
-0.983415
-0.999980
-0.981024
-0.927220
-0.840481
-0.723887
-0.581580
-0.418615
-0.240779
-0.054391
0.133929
0.317491
0.489777
0.644664
0.776653
0.881054
0.954158
0.993371
0.997297
0.965799
0.899994
0.802220
0.675951
0.525671
0.356719
0.175095
-0.012748
-0.200138
-0.380419
-0.547187
-0.694518
-0.817180
-0.910814
-0.972095
-0.998846
-0.990117
-0.946218
-0.868708
-0.760341
-0.624966
-0.467391
-0.293214
-0.108622
0.079829
0.265444
0.441631
0.602130
0.741240
0.854021
0.936467
0.985648
0.999817
0.978472
0.922371
0.833506
0.715034
0.571163
0.407003
0.228387
0.041658
-0.146551
-0.329554
-0.500851
-0.654357
-0.784620
-0.887012
-0.957896
-0.994755
-0.996279
-0.962415
-0.894364
-0.794544
-0.666501
-0.514784
-0.344780
-0.162530
0.025493
0.212611
0.392177
0.557812
0.703633
0.824461
0.916002
0.975006
0.999377
0.988249
0.942017
0.862324
0.752000
0.614964
0.456083
0.281003
0.095940
-0.092530
-0.277713
-0.453032
-0.612258
-0.749737
-0.860584
-0.940862
-0.987719
-0.999492
-0.975762
-0.917371
-0.826395
-0.706064
-0.560652
-0.395326
-0.215958
-0.000000
-0.187632
-0.368599
-0.536472
-0.685290
-0.809766
-0.905477
-0.969025
-0.998153
-0.991825
-0.950266
-0.874952
-0.768559
-0.634867
-0.478623
-0.305378
-0.121285
0.067116
0.253132
0.430158
0.591903
0.732623
0.847320
0.931919
0.983415
0.999980
0.981024
0.927220
0.840481
0.723887
0.581580
0.418615
0.240779
0.054391
-0.133929
-0.317491
-0.489777
-0.644664
-0.776653
-0.881054
-0.954158
-0.993371
-0.997297
-0.965799
-0.899994
-0.802220
-0.675951
-0.525671
-0.356719
-0.175095
0.012748
0.200138
0.380419
0.547187
0.694518
0.817180
0.910814
0.972095
0.998846
0.990117
0.946218
0.868708
0.760341
0.624966
0.467391
0.293214
0.108622
-0.079829
-0.265444
-0.441631
-0.602130
-0.741240
-0.854021
-0.936467
-0.985648
-0.999817
-0.978472
-0.922371
-0.833506
-0.715034
-0.571163
-0.407003
-0.228387
-0.041658
0.146551
0.329554
0.500851
0.654357
0.784620
0.887012
0.957896
0.994755
0.996279
0.962415
0.894364
0.794544
0.666501
0.514784
0.344780
0.162530
-0.025493
-0.212611
-0.392177
-0.557812
-0.703633
-0.824461
-0.916002
-0.975006
-0.999377
-0.988249
-0.942017
-0.862324
-0.752000
-0.614964
-0.456083
-0.281003
-0.095940
0.092530
0.277713
0.453032
0.612258
0.749737
0.860584
0.940862
0.987719
0.999492
0.975762
0.917371
0.826395
0.706064
0.560652
0.395326
0.215958
-0.000000
-0.187632
-0.368599
-0.536472
-0.685290
-0.809766
-0.905477
-0.969025
-0.998153
-0.991825
-0.950266
-0.874952
-0.768559
-0.634867
-0.478623
-0.305378
-0.121285
0.067116
0.253132
0.430158
0.591903
0.732623
0.847320
0.931919
0.983415
0.999980
0.981024
0.927220
0.840481
0.723887
0.581580
0.418615
0.240779
0.054391
-0.133929
-0.317491
-0.489777
-0.644664
-0.776653
-0.881054
-0.954158
-0.993371
-0.997297
-0.965799
-0.899994
-0.802220
-0.675951
-0.525671
-0.356719
-0.175095
0.012748
0.200138
0.380419
0.547187
0.694518
0.817180
0.910814
0.972095
0.998846
0.990117
0.946218
0.868708
0.760341
0.624966
0.467391
0.293214
0.108622
-0.079829
-0.265444
-0.441631
-0.602130
-0.741240
-0.854021
-0.936467
-0.985648
-0.999817
-0.978472
-0.922371
-0.833506
-0.715034
-0.571163
-0.407003
-0.228387
-0.041658
0.146551
0.329554
0.500851
0.654357
0.784620
0.887012
0.957896
0.994755
0.996279
0.962415
0.894364
0.794544
0.666501
0.514784
0.344780
0.162530
-0.025493
-0.212611
-0.392177
-0.557812
-0.703633
-0.824461
-0.916002
-0.975006
-0.999377
-0.988249
-0.942017
-0.862324
-0.752000
-0.614964
-0.456083
-0.281003
-0.095940
0.092530
0.277713
0.453032
0.612258
0.749737
0.860584
0.940862
0.987719
0.999492
0.975762
0.917371
0.826395
0.706064
0.560652
0.395326
0.215958
-0.000000
-0.187632
-0.368599
-0.536472
-0.685290
-0.809766
-0.905477
-0.969025
-0.998153
-0.991825
-0.950266
-0.874952
-0.768559
-0.634867
-0.478623
-0.305378
-0.121285
0.067116
0.253132
0.430158
0.591903
0.732623
0.847320
0.931919
0.983415
0.999980
0.981024
0.927220
0.840481
0.723887
0.581580
0.418615
0.240779
0.054391
-0.133929
-0.317491
-0.489777
-0.644664
-0.776653
-0.881054
-0.954158
-0.993371
-0.997297
-0.965799
-0.899994
-0.802220
-0.675951
-0.525671
-0.356719
-0.175095
0.012748
0.200138
0.380419
0.547187
0.694518
0.817180
0.910814
0.972095
0.998846
0.990117
0.946218
0.868708
0.760341
0.624966
0.467391
0.293214
0.108622
-0.079829
-0.265444
-0.441631
-0.602130
-0.741240
-0.854021
-0.936467
-0.985648
-0.999817
-0.978472
-0.922371
-0.833506
-0.715034
-0.571163
-0.407003
-0.228387
-0.041658
0.146551
0.329554
0.500851
0.654357
0.784620
0.887012
0.957896
0.994755
0.996279
0.962415
0.894364
0.794544
0.666501
0.514784
0.344780
0.162530
-0.025493
-0.212611
-0.392177
-0.557812
-0.703633
-0.824461
-0.916002
-0.975006
-0.999377
-0.988249
-0.942017
-0.862324
-0.752000
-0.614964
-0.456083
-0.281003
-0.095940
0.092530
0.277713
0.453032
0.612258
0.749737
0.860584
0.940862
0.987719
0.999492
0.975762
0.917371
0.826395
0.706064
0.560652
0.395326
0.215958
0.000000
0.187632
0.368599
0.536472
0.685290
0.809766
0.905477
0.969025
0.998153
0.991825
0.950266
0.874952
0.768559
0.634867
0.478623
0.305378
0.121285
-0.067116
-0.253132
-0.430158
-0.591903
-0.732623
-0.847320
-0.931919
-0.983415
-0.999980
-0.981024
-0.927220
-0.840481
-0.723887
-0.581580
-0.418615
-0.240779
-0.054391
0.133929
0.317491
0.489777
0.644664
0.776653
0.881054
0.954158
0.993371
0.997297
0.965799
0.899994
0.802220
0.675951
0.525671
0.356719
0.175095
-0.012748
-0.200138
-0.380419
-0.547187
-0.694518
-0.817180
-0.910814
-0.972095
-0.998846
-0.990117
-0.946218
-0.868708
-0.760341
-0.624966
-0.467391
-0.293214
-0.108622
0.079829
0.265444
0.441631
0.602130
0.741240
0.854021
0.936467
0.985648
0.999817
0.978472
0.922371
0.833506
0.715034
0.571163
0.407003
0.228387
0.041658
-0.146551
-0.329554
-0.500851
-0.654357
-0.784620
-0.887012
-0.957896
-0.994755
-0.996279
-0.962415
-0.894364
-0.794544
-0.666501
-0.514784
-0.344780
-0.162530
0.025493
0.212611
0.392177
0.557812
0.703633
0.824461
0.916002
0.975006
0.999377
0.988249
0.942017
0.862324
0.752000
0.614964
0.456083
0.281003
0.095940
-0.092530
-0.277713
-0.453032
-0.612258
-0.749737
-0.860584
-0.940862
-0.987719
-0.999492
-0.975762
-0.917371
-0.826395
-0.706064
-0.560652
-0.395326
-0.215958
0.000000
0.187632
0.368599
0.536472
0.685290
0.809766
0.905477
0.969025
0.998153
0.991825
0.950266
0.874952
0.768559
0.634867
0.478623
0.305378
0.121285
-0.067116
-0.253132
-0.430158
-0.591903
-0.732623
-0.847320
-0.931919
-0.983415
-0.999980
-0.981024
-0.927220
-0.840481
-0.723887
-0.581580
-0.418615
-0.240779
-0.054391
0.133929
0.317491
0.489777
0.644664
0.776653
0.881054
0.954158
0.993371
0.997297
0.965799
0.899994
0.802220
0.675951
0.525671
0.356719
0.175095
-0.012748
-0.200138
-0.380419
-0.547187
-0.694518
-0.817180
-0.910814
-0.972095
-0.998846
-0.990117
-0.946218
-0.868708
-0.760341
-0.624966
-0.467391
-0.293214
-0.108622
0.079829
0.265444
0.441631
0.602130
0.741240
0.854021
0.936467
0.985648
0.999817
0.978472
0.922371
0.833506
0.715034
0.571163
0.407003
0.228387
0.041658
-0.146551
-0.329554
-0.500851
-0.654357
-0.784620
-0.887012
-0.957896
-0.994755
-0.996279
-0.962415
-0.894364
-0.794544
-0.666501
-0.514784
-0.344780
-0.162530
0.025493
0.212611
0.392177
0.557812
0.703633
0.824461
0.916002
0.975006
0.999377
0.988249
0.942017
0.862324
0.752000
0.614964
0.456083
0.281003
0.095940
-0.092530
-0.277713
-0.453032
-0.612258
-0.749737
-0.860584
-0.940862
-0.987719
-0.999492
-0.975762
-0.917371
-0.826395
-0.706064
-0.560652
-0.395326
-0.215958
0.000000
0.187632
0.368599
0.536472
0.685290
0.809766
0.905477
0.969025
0.998153
0.991825
0.950266
0.874952
0.768559
0.634867
0.478623
0.305378
0.121285
-0.067116
-0.253132
-0.430158
-0.591903
-0.732623
-0.847320
-0.931919
-0.983415
-0.999980
-0.981024
-0.927220
-0.840481
-0.723887
-0.581580
-0.418615
-0.240779
-0.054391
0.133929
0.317491
0.489777
0.644664
0.776653
0.881054
0.954158
0.993371
0.997297
0.965799
0.899994
0.802220
0.675951
0.525671
0.356719
0.175095
-0.012748
-0.200138
-0.380419
-0.547187
-0.694518
-0.817180
-0.910814
-0.972095
-0.998846
-0.990117
-0.946218
-0.868708
-0.760341
-0.624966
-0.467391
-0.293214
-0.108622
0.079829
0.265444
0.441631
0.602130
0.741240
0.854021
0.936467
0.985648
0.999817
0.978472
0.922371
0.833506
0.715034
0.571163
0.407003
0.228387
0.041658
-0.146551
-0.329554
-0.500851
-0.654357
-0.784620
-0.887012
-0.957896
-0.994755
-0.996279
-0.962415
-0.894364
-0.794544
-0.666501
-0.514784
-0.344780
-0.162530
0.025493
0.212611
0.392177
0.557812
0.703633
0.824461
0.916002
0.975006
0.999377
0.988249
0.942017
0.862324
0.752000
0.614964
0.456083
0.281003
0.095940
-0.092530
-0.277713
-0.453032
-0.612258
-0.749737
-0.860584
-0.940862
-0.987719
-0.999492
-0.975762
-0.917371
-0.826395
-0.706064
-0.560652
-0.395326
-0.215958
-0.000000
-0.187632
-0.368599
-0.536472
-0.685290
-0.809766
-0.905477
-0.969025
-0.998153
-0.991825
-0.950266
-0.874952
-0.768559
-0.634867
-0.478623
-0.305378
-0.121285
0.067116
0.253132
0.430158
0.591903
0.732623
0.847320
0.931919
0.983415
0.999980
0.981024
0.927220
0.840481
0.723887
0.581580
0.418615
0.240779
0.054391
-0.133929
-0.317491
-0.489777
-0.644664
-0.776653
-0.881054
-0.954158
-0.993371
-0.997297
-0.965799
-0.899994
-0.802220
-0.675951
-0.525671
-0.356719
-0.175095
0.012748
0.200138
0.380419
0.547187
0.694518
0.817180
0.910814
0.972095
0.998846
0.990117
0.946218
0.868708
0.760341
0.624966
0.467391
0.293214
0.108622
-0.079829
-0.265444
-0.441631
-0.602130
-0.741240
-0.854021
-0.936467
-0.985648
-0.999817
-0.978472
-0.922371
-0.833506
-0.715034
-0.571163
-0.407003
-0.228387
-0.041658
0.146551
0.329554
0.500851
0.654357
0.784620
0.887012
0.957896
0.994755
0.996279
0.962415
0.894364
0.794544
0.666501
0.514784
0.344780
0.162530
-0.025493
-0.212611
-0.392177
-0.557812
-0.703633
-0.824461
-0.916002
-0.975006
-0.999377
-0.988249
-0.942017
-0.862324
-0.752000
-0.614964
-0.456083
-0.281003
-0.095940
0.092530
0.277713
0.453032
0.612258
0.749737
0.860584
0.940862
0.987719
0.999492
0.975762
0.917371
0.826395
0.706064
0.560652
0.395326
0.215958
0.000000
0.187632
0.368599
0.536472
0.685290
0.809766
0.905477
0.969025
0.998153
0.991825
0.950266
0.874952
0.768559
0.634867
0.478623
0.305378
0.121285
-0.067116
-0.253132
-0.430158
-0.591903
-0.732623
-0.847320
-0.931919
-0.983415
-0.999980
-0.981024
-0.927220
-0.840481
-0.723887
-0.581580
-0.418615
-0.240779
-0.054391
0.133929
0.317491
0.489777
0.644664
0.776653
0.881054
0.954158
0.993371
0.997297
0.965799
0.899994
0.802220
0.675951
0.525671
0.356719
0.175095
-0.012748
-0.200138
-0.380419
-0.547187
-0.694518
-0.817180
-0.910814
-0.972095
-0.998846
-0.990117
-0.946218
-0.868708
-0.760341
-0.624966
-0.467391
-0.293214
-0.108622
0.079829
0.265444
0.441631
0.602130
0.741240
0.854021
0.936467
0.985648
0.999817
0.978472
0.922371
0.833506
0.715034
0.571163
0.407003
0.228387
0.041658
-0.146551
-0.329554
-0.500851
-0.654357
-0.784620
-0.887012
-0.957896
-0.994755
-0.996279
-0.962415
-0.894364
-0.794544
-0.666501
-0.514784
-0.344780
-0.162530
0.025493
0.212611
0.392177
0.557812
0.703633
0.824461
0.916002
0.975006
0.999377
0.988249
0.942017
0.862324
0.752000
0.614964
0.456083
0.281003
0.095940
-0.092530
-0.277713
-0.453032
-0.612258
-0.749737
-0.860584
-0.940862
-0.987719
-0.999492
-0.975762
-0.917371
-0.826395
-0.706064
-0.560652
-0.395326
-0.215958
0.000000
0.000000
0.000000
0.000000
