#Milena A-Scan result file               Version 2.0
268 1.502029e-014 0.000000 66576599.121094
0.
0.000000
0.187632
0.368599
0.536473
0.685290
0.809766
0.905477
0.969026
0.998153
0.991824
0.950265
0.874952
0.768559
0.634866
0.478622
0.305377
0.121284
-0.067116
-0.253133
-0.430158
-0.591904
-0.732624
-0.847321
-0.931920
-0.983416
-0.999980
-0.981023
-0.927220
-0.840481
-0.723886
-0.581579
-0.418613
-0.240778
0.000000
0.187632
0.368599
0.536473
0.685290
0.809766
0.905477
0.969026
0.998153
0.991824
0.950265
0.874952
0.768559
0.634866
0.478622
0.305377
0.121284
-0.067116
-0.253133
-0.430158
-0.591904
-0.732624
-0.847321
-0.931920
-0.983416
-0.999980
-0.981023
-0.927220
-0.840481
-0.723886
-0.581579
-0.418613
-0.240778
0.000000
0.187632
0.368599
0.536473
0.685290
0.809766
0.905477
0.969026
0.998153
0.991824
0.950265
0.874952
0.768559
0.634866
0.478622
0.305377
0.121284
-0.067116
-0.253133
-0.430158
-0.591904
-0.732624
-0.847321
-0.931920
-0.983416
-0.999980
-0.981023
-0.927220
-0.840481
-0.723886
-0.581579
-0.418613
-0.240778
-0.000000
-0.187632
-0.368599
-0.536473
-0.685290
-0.809766
-0.905477
-0.969026
-0.998153
-0.991824
-0.950265
-0.874952
-0.768559
-0.634866
-0.478622
-0.305377
-0.121284
0.067116
0.253133
0.430158
0.591904
0.732624
0.847321
0.931920
0.983416
0.999980
0.981023
0.927220
0.840481
0.723886
0.581579
0.418613
0.240778
-0.000000
-0.187632
-0.368599
-0.536473
-0.685290
-0.809766
-0.905477
-0.969026
-0.998153
-0.991824
-0.950265
-0.874952
-0.768559
-0.634866
-0.478622
-0.305377
-0.121284
0.067116
0.253133
0.430158
0.591904
0.732624
0.847321
0.931920
0.983416
0.999980
0.981023
0.927220
0.840481
0.723886
0.581579
0.418613
0.240778
-0.000000
-0.187632
-0.368599
-0.536473
-0.685290
-0.809766
-0.905477
-0.969026
-0.998153
-0.991824
-0.950265
-0.874952
-0.768559
-0.634866
-0.478622
-0.305377
-0.121284
0.067116
0.253133
0.430158
0.591904
0.732624
0.847321
0.931920
0.983416
0.999980
0.981023
0.927220
0.840481
0.723886
0.581579
0.418613
0.240778
0.000000
0.187632
0.368599
0.536473
0.685290
0.809766
0.905477
0.969026
0.998153
0.991824
0.950265
0.874952
0.768559
0.634866
0.478622
0.305377
0.121284
-0.067116
-0.253133
-0.430158
-0.591904
-0.732624
-0.847321
-0.931920
-0.983416
-0.999980
-0.981023
-0.927220
-0.840481
-0.723886
-0.581579
-0.418613
-0.240778
-0.000000
-0.187632
-0.368599
-0.536473
-0.685290
-0.809766
-0.905477
-0.969026
-0.998153
-0.991824
-0.950265
-0.874952
-0.768559
-0.634866
-0.478622
-0.305377
-0.121284
0.067116
0.253133
0.430158
0.591904
0.732624
0.847321
0.931920
0.983416
0.999980
0.981023
0.927220
0.840481
0.723886
0.581579
0.418613
0.240778
0.000000
0.000000
0.000000
0.000000
