#Milena A-Scan result file               Version 2.0
268 1.502029e-014 0.000000 66576614.379883
0.
0.000000
0.187632
0.368599
0.536472
0.685290
0.809766
0.905477
0.969025
0.998153
0.991825
0.950266
0.874952
0.768559
0.634867
0.478623
0.305378
0.121285
-0.067116
-0.253132
-0.430158
-0.591903
-0.732623
-0.847320
-0.931919
-0.983415
-0.999980
-0.981024
-0.927220
-0.840481
-0.723887
-0.581580
-0.418615
-0.240779
0.000000
0.187632
0.368599
0.536472
0.685290
0.809766
0.905477
0.969025
0.998153
0.991825
0.950266
0.874952
0.768559
0.634867
0.478623
0.305378
0.121285
-0.067116
-0.253132
-0.430158
-0.591903
-0.732623
-0.847320
-0.931919
-0.983415
-0.999980
-0.981024
-0.927220
-0.840481
-0.723887
-0.581580
-0.418615
-0.240779
0.000000
0.187632
0.368599
0.536472
0.685290
0.809766
0.905477
0.969025
0.998153
0.991825
0.950266
0.874952
0.768559
0.634867
0.478623
0.305378
0.121285
-0.067116
-0.253132
-0.430158
-0.591903
-0.732623
-0.847320
-0.931919
-0.983415
-0.999980
-0.981024
-0.927220
-0.840481
-0.723887
-0.581580
-0.418615
-0.240779
-0.000000
-0.187632
-0.368599
-0.536472
-0.685290
-0.809766
-0.905477
-0.969025
-0.998153
-0.991825
-0.950266
-0.874952
-0.768559
-0.634867
-0.478623
-0.305378
-0.121285
0.067116
0.253132
0.430158
0.591903
0.732623
0.847320
0.931919
0.983415
0.999980
0.981024
0.927220
0.840481
0.723887
0.581580
0.418615
0.240779
0.000000
0.187632
0.368599
0.536472
0.685290
0.809766
0.905477
0.969025
0.998153
0.991825
0.950266
0.874952
0.768559
0.634867
0.478623
0.305378
0.121285
-0.067116
-0.253132
-0.430158
-0.591903
-0.732623
-0.847320
-0.931919
-0.983415
-0.999980
-0.981024
-0.927220
-0.840481
-0.723887
-0.581580
-0.418615
-0.240779
0.000000
0.187632
0.368599
0.536472
0.685290
0.809766
0.905477
0.969025
0.998153
0.991825
0.950266
0.874952
0.768559
0.634867
0.478623
0.305378
0.121285
-0.067116
-0.253132
-0.430158
-0.591903
-0.732623
-0.847320
-0.931919
-0.983415
-0.999980
-0.981024
-0.927220
-0.840481
-0.723887
-0.581580
-0.418615
-0.240779
-0.000000
-0.187632
-0.368599
-0.536472
-0.685290
-0.809766
-0.905477
-0.969025
-0.998153
-0.991825
-0.950266
-0.874952
-0.768559
-0.634867
-0.478623
-0.305378
-0.121285
0.067116
0.253132
0.430158
0.591903
0.732623
0.847320
0.931919
0.983415
0.999980
0.981024
0.927220
0.840481
0.723887
0.581580
0.418615
0.240779
0.000000
0.187632
0.368599
0.536472
0.685290
0.809766
0.905477
0.969025
0.998153
0.991825
0.950266
0.874952
0.768559
0.634867
0.478623
0.305378
0.121285
-0.067116
-0.253132
-0.430158
-0.591903
-0.732623
-0.847320
-0.931919
-0.983415
-0.999980
-0.981024
-0.927220
-0.840481
-0.723887
-0.581580
-0.418615
-0.240779
0.000000
0.000000
0.000000
0.000000
