#Milena A-Scan result file               Version 2.0
260 1.567944e-014 0.000000 63777786.254883
0.
0.000000
0.195761
0.383947
0.557276
0.709039
0.833365
0.925443
0.981708
0.999985
0.979566
0.921240
0.827265
0.701278
0.548154
0.373817
0.185016
-0.010946
-0.206483
-0.394031
-0.566331
-0.716715
-0.839365
-0.929534
-0.983733
-0.999865
-0.977305
-0.916927
-0.821066
-0.693433
-0.538966
-0.363643
-0.174248
0.000000
0.195761
0.383947
0.557276
0.709039
0.833365
0.925443
0.981708
0.999985
0.979566
0.921240
0.827265
0.701278
0.548154
0.373817
0.185016
-0.010946
-0.206483
-0.394031
-0.566331
-0.716715
-0.839365
-0.929534
-0.983733
-0.999865
-0.977305
-0.916927
-0.821066
-0.693433
-0.538966
-0.363643
-0.174248
0.000000
0.195761
0.383947
0.557276
0.709039
0.833365
0.925443
0.981708
0.999985
0.979566
0.921240
0.827265
0.701278
0.548154
0.373817
0.185016
-0.010946
-0.206483
-0.394031
-0.566331
-0.716715
-0.839365
-0.929534
-0.983733
-0.999865
-0.977305
-0.916927
-0.821066
-0.693433
-0.538966
-0.363643
-0.174248
-0.000000
-0.195761
-0.383947
-0.557276
-0.709039
-0.833365
-0.925443
-0.981708
-0.999985
-0.979566
-0.921240
-0.827265
-0.701278
-0.548154
-0.373817
-0.185016
0.010946
0.206483
0.394031
0.566331
0.716715
0.839365
0.929534
0.983733
0.999865
0.977305
0.916927
0.821066
0.693433
0.538966
0.363643
0.174248
-0.000000
-0.195761
-0.383947
-0.557276
-0.709039
-0.833365
-0.925443
-0.981708
-0.999985
-0.979566
-0.921240
-0.827265
-0.701278
-0.548154
-0.373817
-0.185016
0.010946
0.206483
0.394031
0.566331
0.716715
0.839365
0.929534
0.983733
0.999865
0.977305
0.916927
0.821066
0.693433
0.538966
0.363643
0.174248
-0.000000
-0.195761
-0.383947
-0.557276
-0.709039
-0.833365
-0.925443
-0.981708
-0.999985
-0.979566
-0.921240
-0.827265
-0.701278
-0.548154
-0.373817
-0.185016
0.010946
0.206483
0.394031
0.566331
0.716715
0.839365
0.929534
0.983733
0.999865
0.977305
0.916927
0.821066
0.693433
0.538966
0.363643
0.174248
0.000000
0.195761
0.383947
0.557276
0.709039
0.833365
0.925443
0.981708
0.999985
0.979566
0.921240
0.827265
0.701278
0.548154
0.373817
0.185016
-0.010946
-0.206483
-0.394031
-0.566331
-0.716715
-0.839365
-0.929534
-0.983733
-0.999865
-0.977305
-0.916927
-0.821066
-0.693433
-0.538966
-0.363643
-0.174248
-0.000000
-0.195761
-0.383947
-0.557276
-0.709039
-0.833365
-0.925443
-0.981708
-0.999985
-0.979566
-0.921240
-0.827265
-0.701278
-0.548154
-0.373817
-0.185016
0.010946
0.206483
0.394031
0.566331
0.716715
0.839365
0.929534
0.983733
0.999865
0.977305
0.916927
0.821066
0.693433
0.538966
0.363643
0.174248
0.000000
0.000000
0.000000
0.000000
